image: emaro_keepout_mask2.pgm
mode: scale
resolution: 0.025000
origin: [-10.985751, -3.809933, 0.000000]
negate: 0
occupied_thresh: 0.65
free_thresh: 0.196
